  6.3607000e-002
  6.4229000e-002
  6.4836000e-002
  6.6016000e-002
  6.6682000e-002
  6.6854000e-002
  6.6777000e-002
  6.6093000e-002
  6.6285000e-002
  6.6327000e-002
  6.7027000e-002
  6.8481000e-002
  6.7818000e-002
  6.7805000e-002
  6.7816000e-002
  6.7578000e-002
  6.7820000e-002
  6.8528000e-002
  6.8512000e-002
  6.9333000e-002
  7.0858000e-002
  7.3746000e-002
  7.7949000e-002
  8.4411000e-002
  9.2461000e-002
  1.0178300e-001
  1.1321900e-001
  1.2083000e-001
  1.2627200e-001
  1.2974800e-001
  1.3184900e-001
  1.3272200e-001
  1.2991700e-001
  1.2552800e-001
  1.2046600e-001
  1.1358200e-001
  1.0943900e-001
  1.0635800e-001
  1.0335900e-001
  1.0266200e-001
  1.0152400e-001
  9.9361000e-002
  9.7497000e-002
  9.4119000e-002
  9.2263000e-002
  9.1694000e-002
  9.0808000e-002
  8.9841000e-002
  8.7630000e-002
  8.3759000e-002
  8.1018000e-002
  7.8672000e-002
  7.7172000e-002
  7.3450000e-002
  7.1024000e-002
  6.9813000e-002
  7.0071000e-002
  7.2956000e-002
  8.2472000e-002
  9.9737000e-002
  1.2655300e-001
