  6.3338000e-002
  6.4348000e-002
  6.5659000e-002
  6.6144000e-002
  6.6737000e-002
  6.6626000e-002
  6.6564000e-002
  6.6040000e-002
  6.6242000e-002
  6.7082000e-002
  6.7251000e-002
  6.7930000e-002
  6.8083000e-002
  6.7822000e-002
  6.7999000e-002
  6.8099000e-002
  6.7554000e-002
  6.7966000e-002
  6.8420000e-002
  6.9150000e-002
  7.1824000e-002
  7.3976000e-002
  7.7878000e-002
  8.3863000e-002
  9.1960000e-002
  1.0190800e-001
  1.1302400e-001
  1.2136300e-001
  1.2647000e-001
  1.2944900e-001
  1.3171300e-001
  1.3233100e-001
  1.3038100e-001
  1.2673100e-001
  1.2037700e-001
  1.1433800e-001
  1.1019500e-001
  1.0572900e-001
  1.0401800e-001
  1.0239100e-001
  1.0102400e-001
  9.9848000e-002
  9.6930000e-002
  9.4765000e-002
  9.2682000e-002
  9.1182000e-002
  9.0719000e-002
  8.9958000e-002
  8.7131000e-002
  8.3561000e-002
  8.1213000e-002
  7.9492000e-002
  7.6864000e-002
  7.3285000e-002
  7.1141000e-002
  7.0276000e-002
  7.0232000e-002
  7.2427000e-002
  8.2034000e-002
  9.9807000e-002
  1.2598100e-001
