  1.6700000e-004
  2.5700000e-004
  3.9600000e-004
  6.2200000e-004
  6.4300000e-004
  8.2000000e-004
  8.6900000e-004
  7.8100000e-004
  9.1500000e-004
  1.0520000e-003
  1.2900000e-003
  1.4770000e-003
  1.5300000e-003
  1.5410000e-003
  1.6160000e-003
  1.6300000e-003
  1.7820000e-003
  1.8850000e-003
  2.1780000e-003
  2.7910000e-003
  3.5930000e-003
  5.5640000e-003
  8.5090000e-003
  1.4565000e-002
  2.4552000e-002
  3.7491000e-002
  5.3830000e-002
  6.6513000e-002
  7.3908000e-002
  7.9080000e-002
  8.2664000e-002
  8.4074000e-002
  8.1342000e-002
  7.5326000e-002
  6.5848000e-002
  5.8252000e-002
  5.0786000e-002
  4.5738000e-002
  4.3108000e-002
  4.1360000e-002
  4.0069000e-002
  3.7398000e-002
  3.4233000e-002
  3.0256000e-002
  2.7606000e-002
  2.6251000e-002
  2.5558000e-002
  2.4736000e-002
  2.1819000e-002
  1.7904000e-002
  1.4660000e-002
  1.3051000e-002
  1.0436000e-002
  7.5870000e-003
  5.9010000e-003
  5.0980000e-003
  5.0230000e-003
  6.9510000e-003
  1.6287000e-002
  4.0877000e-002
  8.0544000e-002
