  1.5400000e-004
  2.5200000e-004
  3.6900000e-004
  5.6500000e-004
  7.1100000e-004
  8.5500000e-004
  8.0100000e-004
  8.0900000e-004
  8.9400000e-004
  9.8800000e-004
  1.2940000e-003
  1.5780000e-003
  1.6010000e-003
  1.5050000e-003
  1.5450000e-003
  1.6380000e-003
  1.7320000e-003
  1.9070000e-003
  2.2760000e-003
  2.6840000e-003
  3.5840000e-003
  5.4250000e-003
  8.5690000e-003
  1.4578000e-002
  2.4226000e-002
  3.7693000e-002
  5.3704000e-002
  6.5884000e-002
  7.4307000e-002
  7.8681000e-002
  8.2607000e-002
  8.3877000e-002
  8.1423000e-002
  7.5048000e-002
  6.6410000e-002
  5.7368000e-002
  5.0971000e-002
  4.5795000e-002
  4.2649000e-002
  4.1240000e-002
  4.0114000e-002
  3.7762000e-002
  3.4120000e-002
  3.0381000e-002
  2.7480000e-002
  2.6156000e-002
  2.5415000e-002
  2.4793000e-002
  2.1806000e-002
  1.7687000e-002
  1.4716000e-002
  1.3058000e-002
  1.0540000e-002
  7.6800000e-003
  5.6950000e-003
  4.9290000e-003
  5.2630000e-003
  6.9370000e-003
  1.6250000e-002
  4.0834000e-002
  8.0641000e-002
