0.0003
0.0003
0.0004
0.0003
0.0004
0.0005
0.0004
0.0005
0.0006
0.0007
0.0007
0.0008
0.0009
0.0010
0.0010
0.0011
0.0012
0.0013
0.0014
0.0015
0.0017
0.0017
0.0017
0.0018
0.0019
0.0019
0.0020
0.0021
0.0022
0.0022
0.0023
0.0023
0.0024
0.0024
0.0025
0.0025
0.0026
0.0026
0.0026
0.0027
0.0027
0.0027
0.0027
0.0028
0.0028
0.0028
0.0029
0.0029
0.0030
0.0031
0.0032
0.0032
0.0032
0.0033
0.0034
0.0034
0.0035
0.0035
0.0036
0.0036
0.0036
0.0037
0.0038
0.0037
0.0038
0.0038
0.0038
0.0039
0.0039
0.0040
0.0040
0.0039
0.0040
0.0041
0.0040
0.0040
0.0041
0.0041
0.0040
0.0041
0.0041
0.0040
0.0040
0.0041
0.0041
0.0040
0.0040
0.0041
0.0042
0.0041
0.0042
0.0043
0.0044
0.0044
0.0045
0.0047
0.0048
0.0050
0.0051
0.0054
0.0057
0.0060
0.0062
0.0067
0.0071
0.0076
0.0083
0.0089
0.0096
0.0105
0.0114
0.0125
0.0136
0.0150
0.0165
0.0181
0.0197
0.0217
0.0238
0.0260
0.0284
0.0309
0.0335
0.0362
0.0388
0.0414
0.0441
0.0467
0.0491
0.0516
0.0539
0.0556
0.0576
0.0593
0.0608
0.0621
0.0633
0.0644
0.0653
0.0664
0.0669
0.0676
0.0681
0.0688
0.0691
0.0699
0.0703
0.0710
0.0713
0.0718
0.0720
0.0723
0.0724
0.0725
0.0724
0.0723
0.0720
0.0718
0.0709
0.0704
0.0695
0.0682
0.0671
0.0656
0.0644
0.0630
0.0611
0.0593
0.0573
0.0554
0.0536
0.0516
0.0494
0.0476
0.0461
0.0443
0.0430
0.0416
0.0404
0.0391
0.0383
0.0373
0.0362
0.0353
0.0348
0.0339
0.0332
0.0326
0.0321
0.0316
0.0312
0.0308
0.0305
0.0304
0.0300
0.0297
0.0295
0.0294
0.0292
0.0289
0.0288
0.0285
0.0281
0.0279
0.0275
0.0268
0.0265
0.0258
0.0250
0.0245
0.0238
0.0231
0.0224
0.0216
0.0209
0.0204
0.0198
0.0192
0.0187
0.0182
0.0180
0.0176
0.0172
0.0170
0.0169
0.0168
0.0167
0.0165
0.0164
0.0166
0.0165
0.0166
0.0163
0.0163
0.0163
0.0160
0.0157
0.0155
0.0150
0.0147
0.0145
0.0140
0.0134
0.0131
0.0127
0.0122
0.0117
0.0113
0.0109
0.0106
0.0102
0.0101
0.0099
0.0097
0.0095
0.0091
0.0089
0.0085
0.0082
0.0078
0.0075
0.0072
0.0068
0.0065
0.0064
0.0061
0.0060
0.0058
0.0057
0.0055
0.0055
0.0053
0.0052
0.0052
0.0051
0.0051
0.0051
0.0051
0.0051
0.0051
0.0051
0.0051
0.0053
0.0054
0.0054
0.0057
0.0061
0.0064
0.0070
0.0079
0.0090
0.0105
0.0123
0.0147
0.0177
0.0212
0.0251
0.0300
0.0351
0.0408
0.0470
0.0536
0.0605
0.0672
0.0742
0.0813
0.0884
0.0959
0.1040
0.1121
0.1194
0.1282
0.1364
0.1449
0.1539
0.1632
0.1729
0.1824
0.1928
0.2029
0.2131
0.2222
0.2332
0.2442
0.2553
0.2661
0.2774
0.2876
0.2982
0.3082
0.3180
0.3275
0.3375
0.3463
0.3559
0.3635
0.3716
0.3799
0.3851
0.3926
0.3986
0.4050
0.4092
0.4140
0.4190
0.4258
0.4294
0.4333
0.4377
0.4399
0.4436
0.4466
0.4465
0.4499
0.4522
0.4521
0.4561
0.4578
0.4607
0.4608
0.4616
0.4621
0.4640
0.4642
0.4657
0.4661
0.4653
0.4675
0.4691
0.4695
0.4682
0.4706
0.4684
0.4707
0.4715
0.4722
0.4712
0.4731
0.4731
0.4724
0.4716
0.4742
0.4718
0.4700
0.4728
0.4745
0.4749
0.4741
0.4733
0.4732
0.4749
0.4742
0.4754
0.4748
0.4736
0.4759
0.4739
0.4722
0.4733
0.4733
0.4799
0.4760
0.4740
0.4769
0.4802
0.4762
0.4765
0.4772
0.4752
0.4775
0.4766
0.4760
0.4747
0.4773
0.4791
0.4771
0.4762
0.4757
0.4754
0.4790
0.4804
0.4790
0.4787
0.4788
0.4757
0.4803
0.4762
0.4744
0.4789
0.4767
0.4768
0.4768
0.4744
0.4771
0.4853
0.4817
0.4823
0.4805
0.4804
0.4818
0.4797
0.4820
0.4716
0.4830
0.4825
0.4840
0.4829
0.4829
0.4879
0.4806
0.4792
0.4815
0.4856
0.4792
0.4825
0.4796
0.4787
0.4851
0.4818
0.4804
0.4795
0.4845
0.4859
0.4858
0.4857
0.4852
0.4846
0.4853
0.4854
0.4848
0.4848
0.4855
0.4857
0.4858
0.4853
0.4849
0.4858
0.4861
0.4855
0.4861
0.4856
0.4872
0.4865
0.4854
0.4859
0.4859
0.4866
0.4862
0.4863
0.4872
0.4866
0.4860
0.4863
0.4870
0.4870
0.4868
0.4868
0.4871
0.4878
0.4874
0.4878
0.4877
0.4871
0.4882
0.4882
0.4877
0.4865
0.4868
0.4871
0.4881
0.4879
0.4877
0.4874
0.4878
0.4883
0.4887
0.4885
0.4888
0.4882
0.4878
0.4883
0.4880
0.4889
0.4884
0.4879
0.4883
0.4881
0.4881
0.4885
0.4874
0.4874
0.4878
0.4873
0.4872
0.4872
0.4870
0.4871
0.4867
0.4868
0.4869
0.4863
0.4866
0.4856
0.4860
0.4859
0.4857
0.4851
0.4852
0.4852
0.4847
0.4845
0.4836
0.4835
0.4832
0.4824
0.4821
0.4813
0.4807
0.4804
0.4797
0.4809
0.4814
0.4805
0.4799
0.4790
0.4794
0.4793
0.4800
0.4799
0.4801
0.4791
0.4795
0.4799
0.4802
0.4807
0.4798
0.4807
0.4804
0.4799
0.4808
0.4802
0.4804
0.4816
0.4807
0.4806
0.4802
0.4804
0.4810
0.4804
0.4808
0.4816
0.4814
0.4828
0.4817
0.4821
0.4821
0.4830
0.4829
0.4835
0.4842
0.4840
0.4838
0.4836
0.4832
0.4848
0.4849
0.4848
0.4840
0.4847
0.4849
0.4851
0.4855
0.4864
0.4859
0.4861
0.4861
0.4856
0.4871
0.4871
0.4871
0.4877
0.4875
0.4883
0.4884
0.4890
0.4885
0.4884
0.4887
0.4892
0.4893
0.4896
0.4904
0.4896
0.4895
0.4893
0.4901
0.4897
0.4911
0.4903
0.4910
0.4910
0.4914
0.4919
0.4912
0.4919
0.4922
0.4918
0.4918
0.4923
0.4919
0.4920
0.4922
0.4925
0.4922
0.4935
0.4937
0.4938
0.4932
0.4934
0.4928
0.4935
0.4932
0.4942
0.4940
0.4943
0.4944
0.4940
0.4942
0.4932
0.4950
0.4946
0.4945
0.4946
0.4949
0.4940
0.4941
0.4945
0.4949
0.4951
0.4950
0.4946
0.4943
0.4936
0.4951
0.4947
0.4952
0.4954
0.4952
0.4947
0.4952
0.4944
0.4950
0.4954
0.4953
0.4942
0.4942
0.4942
0.4948
0.4939
0.4955
0.4947
0.4948
0.4948
0.4941
0.4936
0.4937
0.4934
0.4930
0.4930
0.4930
0.4930
0.4928
0.4924
0.4933
0.4923
0.4931
0.4930
0.4924
0.4939
0.4944
0.4941
0.4940
0.4935
0.4932
0.4924
0.4917
0.4928
0.4916
0.4910
0.4902
0.4901
0.4893
0.4899
0.4891
0.4899
0.4882
0.4861
0.4843
0.4839
0.4837
0.4822
0.4815
0.4804
0.4800
0.4791
0.4788
0.4767
0.4752
0.4753
0.4739
0.4728
0.4725
0.4714
0.4712
0.4706
0.4703
0.4700
0.4692
0.4690
0.4680
0.4686
0.4685
0.4691
0.4679
0.4674
0.4672
0.4666
0.4673
0.4665
0.4667
0.4669
0.4660
0.4658
0.4652
0.4659
0.4662
0.4655
0.4650
0.4654
0.4649
0.4642
0.4639
0.4643
0.4637
0.4636
0.4627
0.4630
0.4627
0.4628
0.4621
0.4627
0.4649
0.4645
0.4641
0.4654
0.4647
0.4647
0.4646
0.4647
0.4644
0.4641
0.4646
0.4645
0.4649
0.4654
0.4651
0.4647
0.4647
0.4649
0.4653
0.4662
0.4666
0.4654
0.4650
0.4654
0.4656
0.4659
0.4676
0.4681
0.4673
0.4675
0.4681
0.4683
0.4674
0.4672
0.4684
0.4688
0.4688
0.4696
0.4695
0.4690
0.4697
0.4703
0.4701
0.4699
0.4708
0.4708
0.4701
0.4696
0.4706
0.4716
0.4721
0.4715
0.4720
0.4726
0.4730
0.4737
0.4732
0.4724
0.4735
0.4730
0.4737
0.4743
0.4742
0.4735
0.4742
0.4751
0.4745
0.4742
0.4751
0.4750
0.4756
0.4746
0.4744
0.4751
0.4748
0.4748
0.4745
0.4745
0.4748
0.4747
0.4751
0.4737
0.4739
0.4748
0.4742
0.4743
0.4744
0.4753
0.4751
0.4740
0.4739
0.4748
0.4746
0.4737
0.4748
0.4737
0.4735
0.4733
0.4734
0.4726
0.4723
0.4723
0.4724
0.4726
0.4717
0.4708
0.4707
0.4700
0.4701
0.4693
0.4692
0.4692
0.4683
0.4674
0.4669
0.4670
0.4656
0.4660
0.4657
0.4648
0.4642
0.4632
0.4631
0.4630
0.4619
0.4610
0.4598
0.4590
0.4582
0.4572
0.4565
0.4546
0.4556
0.4548
0.4532
0.4514
0.4512
0.4485
0.4495
0.4486
0.4468
0.4456
0.4448
0.4446
0.4429
0.4403
0.4402
0.4395
0.4380
0.4370
0.4358
0.4350
0.4342
0.4325
0.4309
0.4308
0.4299
0.4290
0.4271
0.4257
0.4252
0.4231
0.4233
0.4222
0.4215
0.4192
0.4190
0.4186
0.4181
0.4181
0.4177
0.4168
0.4172
0.4162
0.4147
0.4132
0.4120
0.4106
0.4085
0.4063
0.4036
0.4009
0.3980
0.3933
0.3899
0.3867
0.3829
0.3810
0.3774
0.3739
0.3707
0.3662
0.3610
0.3553
0.3490
0.3425
0.3364
0.3296
0.3216
0.3142
0.3075
0.3020
0.2946
0.2868
0.2813
0.2735
0.2668
0.2602
0.2544
0.2484
0.2419
0.2366
0.2315
0.2271
0.2237
0.2182
0.2144
0.2104
0.2056
0.2017
0.1984
0.1946
0.1915
0.1891
0.1873
0.1852
0.1829
0.1804
0.1782
0.1768
0.1749
0.1719
0.1709
0.1692
0.1670
0.1663
0.1660
0.1633
0.1623
0.1615
0.1601
0.1599
0.1586
0.1568
0.1561
0.1563
0.1557
0.1542
0.1545
0.1548
0.1539
0.1536
0.1541
0.1538
0.1537
0.1534
0.1524
0.1523
0.1520
0.1526
0.1523
0.1523
0.1515
0.1511
0.1515
0.1512
0.1514
0.1521
0.1528
0.1521
0.1525
0.1537
0.1545
0.1555
0.1565
0.1567
0.1583
0.1588
0.1598
0.1613
0.1625
0.1641
0.1650
0.1659
0.1675
0.1688
0.1711
0.1722
0.1731
0.1743
0.1761
0.1782
0.1784
0.1789
0.1819
0.1834
0.1857
0.1872
0.1889
0.1910
0.1914
0.1939
0.1959
0.1976
0.1990
0.2009
0.2028
0.2038
0.2055
0.2068
0.2099
0.2117
0.2129
0.2147
0.2168
0.2180
0.2189
0.2214
0.2230
0.2250
0.2265
0.2288
0.2307
0.2321
0.2341
0.2353
0.2368
0.2389
0.2413
0.2426
0.2439
0.2457
0.2487
0.2498
0.2512
0.2531
0.2552
0.2563
0.2577
0.2599
0.2622
0.2634
0.2651
0.2659
0.2674
0.2695
0.2716
0.2732
0.2740
0.2751
0.2778
0.2790
0.2807
0.2818
0.2841
0.2854
0.2867
0.2875
0.2896
0.2913
0.2926
0.2946
0.2959
0.2964
0.2981
0.3005
0.3009
0.3018
0.3041
0.3054
0.3060
0.3063
0.3080
0.3095
0.3103
0.3118
0.3129
0.3146
0.3157
0.3166
0.3184
0.3194
0.3199
0.3200
0.3212
0.3227
0.3238
0.3246
0.3259
0.3263
0.3275
0.3287
0.3295
0.3314
0.3326
0.3324
0.3338
0.3346
0.3358
0.3363
0.3377
0.3378
0.3391
0.3393
0.3412
0.3416
0.3432
0.3440
0.3444
0.3452
0.3460
0.3477
0.3474
0.3478
0.3484
0.3486
0.3502
0.3507
0.3516
0.3528
0.3534
0.3539
0.3549
0.3557
0.3563
0.3566
0.3575
0.3579
0.3589
0.3594
0.3599
0.3604
0.3611
0.3618
0.3616
0.3620
0.3629
0.3641
0.3649
0.3647
0.3654
0.3650
0.3664
0.3664
0.3667
0.3673
0.3685
0.3687
0.3694
0.3701
0.3702
0.3699
0.3712
0.3704
0.3710
0.3713
0.3726
0.3726
0.3725
0.3728
0.3744
0.3736
0.3736
0.3733
0.3742
0.3744
0.3748
0.3746
0.3746
0.3744
0.3743
0.3755
0.3748
0.3747
0.3746
0.3739
0.3740
0.3728
0.3732
0.3740
0.3765
0.3756
0.3768
0.3764
0.3765
0.3765
0.3765
0.3772
0.3763
0.3761
0.3767
0.3764
0.3760
0.3754
0.3761
0.3770
0.3760
0.3753
0.3747
0.3748
0.3742
0.3745
0.3751
0.3740
0.3741
0.3742
0.3736
0.3734
0.3736
0.3735
0.3717
0.3719
0.3718
0.3717
0.3723
0.3714
0.3712
0.3712
0.3705
0.3700
0.3695
0.3700
0.3689
0.3688
0.3692
0.3690
0.3688
0.3680
0.3674
0.3670
0.3665
0.3666
0.3667
0.3661
0.3660
0.3645
0.3641
0.3636
0.3630
0.3634
0.3629
0.3621
0.3618
0.3610
0.3605
0.3602
0.3596
0.3586
0.3582
0.3577
0.3573
0.3564
0.3559
0.3545
0.3547
0.3535
0.3525
0.3509
0.3501
0.3498
0.3491
0.3484
0.3479
0.3471
0.3463
0.3454
0.3445
0.3436
0.3433
0.3430
0.3415
0.3404
0.3401
0.3396
0.3381
0.3381
0.3378
0.3366
0.3370
0.3363
0.3356
0.3357
0.3356
0.3358
0.3364
0.3354
0.3352
0.3343
0.3348
0.3356
0.3338
0.3329
0.3324
0.3323
0.3321
0.3313
0.3312
0.3307
0.3314
0.3310
0.3314
0.3309
0.3309
0.3307
0.3314
0.3314
0.3311
0.3312
0.3325
0.3317
0.3316
0.3319
0.3329
0.3323
0.3327
0.3322
0.3336
0.3326
0.3327
0.3333
0.3336
0.3328
0.3329
0.3333
0.3334
0.3342
0.3345
0.3345
0.3341
0.3344
0.3339
0.3347
0.3337
0.3339
0.3342
0.3342
0.3331
0.3331
0.3335
0.3330
0.3326
0.3317
0.3316
0.3316
0.3309
0.3293
0.3297
0.3291
0.3294
0.3291
0.3276
0.3259
0.3247
0.3230
0.3222
0.3207
0.3196
0.3182
0.3154
0.3135
0.3107
0.3086
0.3074
0.3046
0.3018
0.2982
0.2945
0.2918
0.2872
0.2833
0.2794
0.2743
0.2707
0.2661
0.2623
0.2566
0.2514
0.2454
0.2405
0.2351
0.2264
0.2201
0.2123
0.2045
0.1971
0.1887
0.1814
0.1726
0.1650
0.1569
0.1503
0.1434
0.1361
0.1294
0.1222
0.1142
0.1069
0.0998
0.0931
0.0863
0.0811
0.0745
0.0693
0.0636
0.0601
0.0563
0.0520
0.0491
0.0458
0.0431
0.0407
0.0381
0.0350
0.0321
0.0312
0.0287
0.0275
0.0262
0.0245
0.0229
0.0230
0.0218
0.0200
0.0208
0.0190
0.0186
0.0182
0.0186
0.0186
0.0185
0.0182
0.0173
0.0180
0.0167
0.0173
0.0178
0.0170
0.0166
0.0161
0.0159
0.0166
0.0162
0.0168
0.0174
0.0174
0.0175
0.0175
0.0172
0.0177
0.0169
0.0167
0.0184
0.0188
0.0188
0.0201
0.0198
0.0203
0.0203
0.0207
0.0211
0.0217
0.0217
0.0217
0.0222
0.0227
0.0242
0.0244
0.0251
0.0246
0.0258
0.0263
0.0276
0.0281
0.0280
0.0280
0.0294
0.0314
0.0315
0.0320
0.0321
0.0327
0.0337
0.0342
0.0344
0.0358
0.0380
0.0390
0.0384
0.0398
0.0404
0.0413
0.0421
0.0429
0.0430
0.0461
0.0467
0.0478
0.0468
0.0490
0.0495
0.0493
0.0509
0.0527
0.0523
0.0535
0.0552
0.0555
0.0572
0.0572
0.0579
0.0597
0.0601
0.0609
0.0629
0.0644
0.0652
0.0656
0.0664
0.0672
0.0690
0.0692
0.0714
0.0713
0.0734
0.0736
0.0740
0.0767
0.0773
0.0779
0.0791
0.0809
0.0814
0.0828
0.0834
0.0847
0.0862
0.0877
0.0875
0.0884
0.0901
0.0908
0.0918
0.0929
0.0943
0.0950
0.0957
0.0967
0.0982
0.0995
0.1004
0.1011
0.1017
0.1037
0.1039
0.1053
0.1064
0.1070
0.1082
0.1096
0.1104
0.1121
0.1134
0.1139
0.1146
0.1163
0.1167
0.1172
0.1190
0.1205
0.1215
0.1222
0.1230
0.1244
0.1245
0.1256
0.1277
0.1290
0.1300
0.1311
0.1325
0.1328
0.1341
0.1350
0.1354
0.1377
0.1391
0.1398
0.1407
0.1413
0.1431
0.1438
0.1451
0.1463
0.1481
0.1491
0.1506
0.1510
0.1511
0.1525
0.1537
0.1543
0.1558
0.1566
0.1578
0.1589
0.1597
0.1608
0.1626
0.1634
0.1632
0.1646
0.1656
0.1675
0.1688
0.1702
0.1705
0.1706
0.1724
0.1734
0.1744
0.1757
0.1767
0.1780
0.1787
0.1795
0.1804
0.1815
0.1820
0.1838
0.1848
0.1856
0.1863
0.1870
0.1881
0.1889
0.1896
0.1905
0.1919
0.1928
0.1933
0.1946
0.1949
0.1958
0.1960
0.1970
0.1974
0.1987
0.1998
0.2001
0.2009
0.2013
0.2015
0.2027
0.2035
0.2036
0.2046
0.2047
0.2061
0.2068
0.2065
0.2075
0.2079
0.2082
0.2083
0.2093
0.2103
0.2098
0.2109
0.2120
0.2123
0.2133
0.2140
0.2135
0.2138
0.2145
0.2149
0.2158
0.2162
0.2160
0.2167
0.2167
0.2177
0.2185
0.2185
0.2185
0.2191
0.2198
0.2197
0.2204
0.2211
0.2210
0.2218
0.2222
0.2225
0.2230
0.2233
0.2240
0.2248
0.2249
0.2250
0.2249
0.2258
0.2268
0.2266
0.2265
0.2272
0.2273
0.2287
0.2281
0.2286
0.2292
0.2289
0.2297
0.2303
0.2306
0.2302
0.2309
0.2306
0.2310
0.2313
0.2311
0.2320
0.2318
0.2327
0.2328
0.2329
0.2323
0.2320
0.2321
0.2320
0.2323
0.2319
0.2324
0.2330
0.2327
0.2326
0.2319
0.2314
0.2321
0.2313
0.2309
0.2307
0.2315
0.2309
0.2298
0.2292
0.2289
0.2287
0.2287
0.2276
0.2272
0.2264
0.2261
0.2253
0.2240
0.2237
0.2237
0.2228
0.2222
0.2205
0.2198
0.2197
0.2188
0.2184
0.2174
0.2166
0.2158
0.2150
0.2143
0.2142
0.2136
0.2132
0.2115
0.2108
0.2100
0.2099
0.2086
0.2082
0.2071
0.2079
0.2065
0.2055
0.2051
0.2050
0.2038
0.2034
0.2031
0.2026
0.2019
0.2007
0.2007
0.1995
0.1992
0.1986
0.1983
0.1982
0.1980
0.1965
0.1954
0.1945
0.1946
0.1940
0.1925
0.1921
0.1920
0.1914
0.1901
0.1882
0.1892
0.1879
0.1873
0.1860
0.1864
0.1854
0.1837
0.1842
0.1830
0.1834
0.1828
0.1814
0.1802
0.1796
0.1795
0.1772
0.1772
0.1752
0.1758
0.1760
0.1750
0.1730
0.1710
0.1718
0.1706
0.1701
0.1691
0.1684
0.1669
0.1660
0.1661
0.1637
0.1632
0.1616
0.1627
0.1609
0.1590
0.1598
0.1583
0.1572
0.1564
0.1548
0.1537
0.1530
0.1526
0.1511
0.1512
0.1505
0.1502
0.1483
0.1478
0.1462
0.1470
0.1465
0.1449
0.1437
0.1423
0.1414
0.1418
0.1409
0.1405
0.1401
0.1400
0.1378
0.1371
0.1348
0.1348
0.1341
0.1325
0.1332
0.1305
0.1315
0.1291
0.1290
0.1281
0.1268
0.1258
0.1255
0.1241
0.1232
0.1228
0.1236
0.1214
0.1212
0.1190
0.1187
0.1178
0.1181
0.1173
0.1154
0.1135
0.1146
0.1115
0.1123
0.1111
0.1101
0.1098
0.1084
0.1077
0.1072
0.1064
0.1063
0.1066
0.1033
0.1036
0.1023
0.0996
0.1004
0.0985
0.0974
0.0995
0.0966
0.0959
0.0965
0.0938
0.0957
0.0948
0.0919
0.0910
0.0897
0.0889
0.0885
0.0879
0.0891
0.0872
0.0854
0.0832
0.0819
0.0821
0.0806
0.0777
0.0789
0.0774
0.0803
0.0789
0.0764
0.0748
0.0741
0.0739
0.0730
0.0724
0.0706
0.0685
0.0699
0.0676
0.0649
0.0667
0.0669
0.0656
0.0646
0.0629
0.0624
0.0638
0.0604
0.0563
0.0610
0.0602
0.0585
0.0582
0.0576
0.0575
0.0541
0.0536
0.0541
0.0529
0.0548
0.0537
0.0512
0.0521
0.0489
0.0513
0.0514
0.0490
0.0485
0.0474
0.0436
0.0442
0.0433
0.0467
0.0457
0.0438
0.0413
0.0409
0.0434
0.0439
0.0426
0.0426
0.0422
0.0409
0.0416
0.0368
0.0414
0.0384
0.0401
0.0370
0.0377
0.0395
0.0390
0.0363
0.0369
0.0354
0.0353
