0.0485
0.0492
0.0499
0.0502
0.0509
0.0517
0.0523
0.0529
0.0536
0.0539
0.0548
0.0551
0.0557
0.0562
0.0569
0.0574
0.0575
0.0582
0.0583
0.0590
0.0596
0.0597
0.0601
0.0603
0.0605
0.0610
0.0611
0.0614
0.0618
0.0618
0.0618
0.0622
0.0624
0.0626
0.0627
0.0624
0.0626
0.0629
0.0628
0.0630
0.0630
0.0634
0.0636
0.0635
0.0636
0.0639
0.0644
0.0645
0.0649
0.0649
0.0653
0.0655
0.0659
0.0660
0.0662
0.0665
0.0664
0.0667
0.0667
0.0670
0.0670
0.0671
0.0671
0.0674
0.0674
0.0675
0.0677
0.0675
0.0677
0.0679
0.0680
0.0677
0.0678
0.0678
0.0681
0.0680
0.0683
0.0680
0.0681
0.0683
0.0680
0.0684
0.0682
0.0686
0.0686
0.0688
0.0683
0.0688
0.0695
0.0695
0.0695
0.0698
0.0702
0.0708
0.0711
0.0715
0.0723
0.0726
0.0734
0.0742
0.0748
0.0758
0.0767
0.0779
0.0789
0.0803
0.0815
0.0828
0.0842
0.0857
0.0875
0.0891
0.0912
0.0929
0.0949
0.0969
0.0991
0.1013
0.1039
0.1060
0.1085
0.1110
0.1134
0.1159
0.1182
0.1207
0.1232
0.1254
0.1272
0.1292
0.1312
0.1328
0.1344
0.1357
0.1368
0.1378
0.1390
0.1397
0.1407
0.1411
0.1416
0.1422
0.1425
0.1430
0.1431
0.1434
0.1437
0.1443
0.1446
0.1450
0.1452
0.1452
0.1451
0.1448
0.1448
0.1443
0.1445
0.1439
0.1436
0.1425
0.1418
0.1410
0.1402
0.1390
0.1376
0.1363
0.1349
0.1334
0.1317
0.1299
0.1282
0.1267
0.1250
0.1234
0.1220
0.1208
0.1192
0.1179
0.1166
0.1158
0.1145
0.1139
0.1133
0.1118
0.1115
0.1110
0.1100
0.1095
0.1090
0.1084
0.1083
0.1078
0.1073
0.1071
0.1070
0.1066
0.1067
0.1062
0.1057
0.1056
0.1055
0.1049
0.1049
0.1044
0.1040
0.1032
0.1025
0.1018
0.1013
0.1004
0.0996
0.0989
0.0980
0.0972
0.0966
0.0960
0.0949
0.0942
0.0940
0.0934
0.0929
0.0924
0.0918
0.0915
0.0913
0.0912
0.0911
0.0912
0.0907
0.0906
0.0909
0.0907
0.0903
0.0904
0.0901
0.0898
0.0895
0.0894
0.0889
0.0882
0.0875
0.0870
0.0866
0.0859
0.0853
0.0848
0.0839
0.0829
0.0822
0.0814
0.0812
0.0806
0.0801
0.0793
0.0790
0.0777
0.0778
0.0770
0.0759
0.0749
0.0740
0.0730
0.0718
0.0708
0.0705
0.0695
0.0688
0.0680
0.0673
0.0665
0.0663
0.0660
0.0655
0.0652
0.0651
0.0646
0.0649
0.0649
0.0649
0.0648
0.0649
0.0652
0.0660
0.0664
0.0674
0.0682
0.0698
0.0719
0.0736
0.0767
0.0792
0.0822
0.0858
0.0896
0.0937
0.0978
0.1019
0.1066
0.1110
0.1157
0.1209
0.1258
0.1315
0.1367
0.1414
0.1468
0.1518
0.1574
0.1630
0.1686
0.1743
0.1812
0.1885
0.1958
0.2012
0.2082
0.2149
0.2231
0.2317
0.2403
0.2488
0.2564
0.2657
0.2742
0.2839
0.2929
0.3021
0.3108
0.3185
0.3283
0.3364
0.3453
0.3525
0.3610
0.3695
0.3766
0.3840
0.3890
0.3975
0.4032
0.4080
0.4127
0.4181
0.4232
0.4259
0.4318
0.4346
0.4373
0.4409
0.4451
0.4456
0.4477
0.4499
0.4512
0.4526
0.4560
0.4583
0.4568
0.4617
0.4607
0.4608
0.4611
0.4639
0.4637
0.4622
0.4633
0.4625
0.4674
0.4649
0.4657
0.4660
0.4665
0.4675
0.4681
0.4690
0.4642
0.4667
0.4672
0.4690
0.4685
0.4692
0.4696
0.4660
0.4659
0.4680
0.4682
0.4672
0.4689
0.4686
0.4676
0.4682
0.4681
0.4686
0.4686
0.4667
0.4655
0.4689
0.4675
0.4660
0.4664
0.4706
0.4692
0.4672
0.4684
0.4722
0.4683
0.4681
0.4686
0.4675
0.4686
0.4695
0.4665
0.4693
0.4717
0.4686
0.4690
0.4694
0.4672
0.4674
0.4692
0.4723
0.4712
0.4709
0.4656
0.4667
0.4682
0.4660
0.4669
0.4704
0.4652
0.4660
0.4685
0.4684
0.4704
0.4702
0.4692
0.4735
0.4659
0.4689
0.4702
0.4735
0.4701
0.4649
0.4650
0.4648
0.4684
0.4669
0.4714
0.4730
0.4712
0.4690
0.4690
0.4648
0.4677
0.4665
0.4654
0.4735
0.4680
0.4639
0.4651
0.4622
0.4719
0.4722
0.4717
0.4720
0.4708
0.4711
0.4713
0.4717
0.4706
0.4697
0.4709
0.4709
0.4705
0.4701
0.4703
0.4699
0.4710
0.4708
0.4713
0.4701
0.4707
0.4694
0.4697
0.4691
0.4694
0.4694
0.4697
0.4691
0.4697
0.4695
0.4694
0.4693
0.4696
0.4693
0.4693
0.4693
0.4699
0.4693
0.4676
0.4679
0.4683
0.4684
0.4673
0.4672
0.4677
0.4664
0.4676
0.4683
0.4678
0.4669
0.4672
0.4671
0.4664
0.4665
0.4668
0.4679
0.4659
0.4654
0.4658
0.4659
0.4648
0.4655
0.4658
0.4658
0.4660
0.4666
0.4654
0.4638
0.4648
0.4641
0.4633
0.4642
0.4638
0.4634
0.4633
0.4632
0.4625
0.4626
0.4626
0.4614
0.4622
0.4616
0.4617
0.4620
0.4611
0.4606
0.4605
0.4591
0.4592
0.4581
0.4585
0.4587
0.4580
0.4569
0.4567
0.4561
0.4558
0.4550
0.4558
0.4555
0.4552
0.4547
0.4540
0.4545
0.4540
0.4538
0.4540
0.4540
0.4541
0.4535
0.4527
0.4534
0.4536
0.4527
0.4532
0.4535
0.4535
0.4530
0.4523
0.4539
0.4541
0.4535
0.4539
0.4539
0.4536
0.4529
0.4533
0.4533
0.4532
0.4545
0.4542
0.4539
0.4545
0.4539
0.4542
0.4538
0.4535
0.4541
0.4547
0.4538
0.4550
0.4546
0.4544
0.4552
0.4558
0.4551
0.4547
0.4547
0.4549
0.4548
0.4554
0.4563
0.4549
0.4559
0.4554
0.4553
0.4565
0.4558
0.4562
0.4560
0.4570
0.4565
0.4563
0.4554
0.4560
0.4567
0.4571
0.4570
0.4568
0.4559
0.4580
0.4571
0.4563
0.4562
0.4573
0.4576
0.4566
0.4581
0.4575
0.4572
0.4569
0.4570
0.4569
0.4580
0.4581
0.4581
0.4582
0.4578
0.4576
0.4573
0.4573
0.4581
0.4576
0.4575
0.4577
0.4592
0.4582
0.4586
0.4573
0.4583
0.4576
0.4579
0.4578
0.4581
0.4580
0.4589
0.4589
0.4580
0.4578
0.4581
0.4571
0.4577
0.4576
0.4583
0.4577
0.4568
0.4577
0.4577
0.4569
0.4577
0.4569
0.4565
0.4574
0.4572
0.4565
0.4570
0.4564
0.4568
0.4569
0.4567
0.4567
0.4565
0.4566
0.4566
0.4555
0.4558
0.4558
0.4548
0.4561
0.4559
0.4556
0.4552
0.4554
0.4547
0.4548
0.4547
0.4552
0.4540
0.4539
0.4541
0.4541
0.4539
0.4536
0.4536
0.4533
0.4535
0.4537
0.4540
0.4540
0.4542
0.4539
0.4529
0.4529
0.4528
0.4520
0.4517
0.4517
0.4506
0.4500
0.4493
0.4488
0.4493
0.4488
0.4486
0.4471
0.4457
0.4447
0.4431
0.4430
0.4418
0.4417
0.4411
0.4404
0.4384
0.4384
0.4370
0.4356
0.4343
0.4343
0.4332
0.4329
0.4315
0.4317
0.4318
0.4308
0.4303
0.4291
0.4288
0.4290
0.4285
0.4284
0.4275
0.4279
0.4275
0.4267
0.4265
0.4273
0.4263
0.4266
0.4261
0.4260
0.4260
0.4259
0.4253
0.4257
0.4258
0.4249
0.4258
0.4258
0.4251
0.4241
0.4244
0.4241
0.4230
0.4229
0.4231
0.4225
0.4212
0.4225
0.4219
0.4236
0.4233
0.4234
0.4241
0.4239
0.4233
0.4236
0.4234
0.4240
0.4229
0.4228
0.4228
0.4230
0.4240
0.4237
0.4239
0.4237
0.4235
0.4239
0.4230
0.4232
0.4243
0.4242
0.4231
0.4230
0.4233
0.4232
0.4243
0.4239
0.4242
0.4237
0.4238
0.4233
0.4245
0.4249
0.4245
0.4243
0.4245
0.4240
0.4252
0.4248
0.4252
0.4244
0.4248
0.4257
0.4262
0.4253
0.4251
0.4250
0.4256
0.4258
0.4264
0.4265
0.4262
0.4269
0.4273
0.4271
0.4263
0.4265
0.4270
0.4269
0.4265
0.4267
0.4263
0.4276
0.4259
0.4266
0.4274
0.4270
0.4271
0.4274
0.4276
0.4272
0.4264
0.4268
0.4268
0.4266
0.4261
0.4266
0.4272
0.4266
0.4260
0.4251
0.4257
0.4254
0.4257
0.4253
0.4253
0.4254
0.4250
0.4246
0.4256
0.4252
0.4245
0.4242
0.4236
0.4232
0.4248
0.4242
0.4234
0.4233
0.4233
0.4223
0.4226
0.4219
0.4213
0.4220
0.4212
0.4210
0.4197
0.4190
0.4191
0.4186
0.4179
0.4178
0.4169
0.4170
0.4167
0.4162
0.4155
0.4148
0.4148
0.4142
0.4132
0.4116
0.4107
0.4096
0.4098
0.4089
0.4077
0.4072
0.4058
0.4057
0.4051
0.4036
0.4028
0.4015
0.4000
0.3999
0.4001
0.3983
0.3970
0.3962
0.3951
0.3945
0.3928
0.3924
0.3913
0.3904
0.3895
0.3880
0.3867
0.3859
0.3854
0.3844
0.3834
0.3832
0.3822
0.3808
0.3790
0.3787
0.3781
0.3769
0.3766
0.3756
0.3734
0.3728
0.3723
0.3716
0.3711
0.3703
0.3698
0.3684
0.3669
0.3660
0.3646
0.3633
0.3622
0.3604
0.3589
0.3576
0.3553
0.3520
0.3491
0.3468
0.3437
0.3395
0.3363
0.3333
0.3310
0.3280
0.3235
0.3183
0.3118
0.3072
0.3027
0.2967
0.2906
0.2845
0.2790
0.2733
0.2679
0.2627
0.2555
0.2493
0.2439
0.2378
0.2317
0.2270
0.2223
0.2169
0.2129
0.2082
0.2041
0.2000
0.1961
0.1925
0.1886
0.1857
0.1822
0.1792
0.1764
0.1744
0.1724
0.1702
0.1681
0.1659
0.1638
0.1619
0.1602
0.1589
0.1579
0.1571
0.1550
0.1539
0.1519
0.1518
0.1512
0.1492
0.1490
0.1478
0.1470
0.1466
0.1463
0.1452
0.1447
0.1437
0.1438
0.1436
0.1427
0.1423
0.1427
0.1419
0.1418
0.1418
0.1409
0.1408
0.1409
0.1422
0.1405
0.1409
0.1407
0.1404
0.1405
0.1402
0.1405
0.1412
0.1408
0.1400
0.1402
0.1403
0.1418
0.1415
0.1437
0.1438
0.1445
0.1450
0.1454
0.1467
0.1465
0.1477
0.1480
0.1504
0.1504
0.1508
0.1526
0.1540
0.1540
0.1558
0.1564
0.1589
0.1594
0.1601
0.1615
0.1634
0.1634
0.1647
0.1656
0.1675
0.1685
0.1694
0.1712
0.1723
0.1746
0.1755
0.1762
0.1773
0.1795
0.1808
0.1822
0.1833
0.1850
0.1862
0.1869
0.1884
0.1905
0.1912
0.1923
0.1939
0.1956
0.1974
0.1989
0.2000
0.2022
0.2033
0.2041
0.2056
0.2062
0.2074
0.2092
0.2112
0.2131
0.2149
0.2154
0.2171
0.2186
0.2206
0.2211
0.2228
0.2243
0.2257
0.2279
0.2284
0.2294
0.2297
0.2310
0.2325
0.2340
0.2354
0.2367
0.2374
0.2396
0.2405
0.2421
0.2423
0.2437
0.2452
0.2463
0.2473
0.2487
0.2489
0.2514
0.2521
0.2533
0.2547
0.2554
0.2565
0.2581
0.2589
0.2603
0.2608
0.2608
0.2622
0.2632
0.2645
0.2651
0.2660
0.2673
0.2693
0.2699
0.2705
0.2711
0.2719
0.2718
0.2736
0.2745
0.2755
0.2766
0.2768
0.2774
0.2786
0.2796
0.2802
0.2807
0.2813
0.2830
0.2826
0.2836
0.2837
0.2849
0.2854
0.2868
0.2877
0.2883
0.2885
0.2896
0.2903
0.2902
0.2908
0.2916
0.2930
0.2934
0.2932
0.2936
0.2948
0.2959
0.2959
0.2976
0.2971
0.2972
0.2971
0.2983
0.2986
0.2995
0.2998
0.3005
0.3008
0.3022
0.3024
0.3024
0.3026
0.3032
0.3029
0.3038
0.3051
0.3050
0.3054
0.3052
0.3054
0.3069
0.3064
0.3069
0.3066
0.3084
0.3088
0.3088
0.3083
0.3094
0.3101
0.3093
0.3099
0.3101
0.3110
0.3108
0.3117
0.3116
0.3121
0.3120
0.3127
0.3115
0.3126
0.3127
0.3129
0.3134
0.3139
0.3130
0.3142
0.3142
0.3138
0.3148
0.3141
0.3132
0.3142
0.3137
0.3143
0.3136
0.3143
0.3134
0.3128
0.3132
0.3150
0.3134
0.3143
0.3141
0.3139
0.3141
0.3143
0.3135
0.3132
0.3133
0.3131
0.3127
0.3125
0.3121
0.3124
0.3119
0.3116
0.3119
0.3111
0.3106
0.3101
0.3107
0.3107
0.3105
0.3107
0.3106
0.3103
0.3101
0.3094
0.3086
0.3089
0.3090
0.3073
0.3074
0.3080
0.3071
0.3062
0.3066
0.3059
0.3054
0.3055
0.3051
0.3049
0.3044
0.3041
0.3035
0.3033
0.3029
0.3032
0.3030
0.3029
0.3020
0.3015
0.3003
0.3009
0.3001
0.2998
0.2983
0.2987
0.2987
0.2979
0.2972
0.2972
0.2957
0.2955
0.2954
0.2953
0.2944
0.2938
0.2929
0.2927
0.2923
0.2913
0.2907
0.2908
0.2885
0.2883
0.2882
0.2866
0.2856
0.2851
0.2853
0.2848
0.2836
0.2828
0.2817
0.2807
0.2796
0.2796
0.2789
0.2784
0.2778
0.2781
0.2765
0.2758
0.2754
0.2749
0.2748
0.2737
0.2728
0.2731
0.2725
0.2715
0.2716
0.2712
0.2700
0.2700
0.2691
0.2693
0.2693
0.2700
0.2695
0.2679
0.2673
0.2675
0.2663
0.2671
0.2660
0.2674
0.2675
0.2675
0.2671
0.2673
0.2673
0.2676
0.2678
0.2671
0.2676
0.2678
0.2674
0.2678
0.2682
0.2681
0.2683
0.2676
0.2684
0.2680
0.2673
0.2672
0.2675
0.2678
0.2672
0.2677
0.2688
0.2682
0.2681
0.2684
0.2678
0.2682
0.2677
0.2682
0.2673
0.2678
0.2683
0.2673
0.2671
0.2671
0.2670
0.2668
0.2660
0.2663
0.2656
0.2652
0.2658
0.2640
0.2641
0.2622
0.2627
0.2623
0.2610
0.2602
0.2592
0.2593
0.2577
0.2569
0.2552
0.2538
0.2518
0.2500
0.2484
0.2463
0.2452
0.2420
0.2405
0.2390
0.2365
0.2338
0.2309
0.2274
0.2240
0.2214
0.2186
0.2139
0.2093
0.2067
0.2024
0.1976
0.1934
0.1882
0.1833
0.1774
0.1710
0.1649
0.1592
0.1530
0.1472
0.1426
0.1367
0.1311
0.1266
0.1211
0.1163
0.1122
0.1071
0.1025
0.0974
0.0921
0.0888
0.0851
0.0811
0.0782
0.0733
0.0701
0.0679
0.0656
0.0627
0.0609
0.0587
0.0573
0.0546
0.0526
0.0511
0.0511
0.0490
0.0480
0.0473
0.0460
0.0452
0.0438
0.0430
0.0432
0.0425
0.0418
0.0416
0.0416
0.0411
0.0401
0.0409
0.0393
0.0394
0.0394
0.0408
0.0401
0.0402
0.0397
0.0398
0.0386
0.0383
0.0388
0.0390
0.0393
0.0392
0.0384
0.0396
0.0388
0.0393
0.0381
0.0390
0.0401
0.0385
0.0386
0.0395
0.0390
0.0392
0.0397
0.0392
0.0393
0.0396
0.0403
0.0402
0.0408
0.0402
0.0410
0.0406
0.0420
0.0422
0.0419
0.0421
0.0418
0.0426
0.0424
0.0426
0.0434
0.0431
0.0443
0.0453
0.0453
0.0455
0.0451
0.0460
0.0458
0.0462
0.0465
0.0476
0.0472
0.0480
0.0497
0.0482
0.0488
0.0502
0.0486
0.0494
0.0510
0.0518
0.0520
0.0524
0.0527
0.0532
0.0542
0.0544
0.0546
0.0549
0.0569
0.0567
0.0574
0.0582
0.0582
0.0593
0.0588
0.0589
0.0601
0.0610
0.0620
0.0617
0.0624
0.0623
0.0627
0.0637
0.0637
0.0639
0.0653
0.0658
0.0672
0.0673
0.0678
0.0684
0.0690
0.0705
0.0705
0.0710
0.0712
0.0721
0.0731
0.0737
0.0745
0.0743
0.0753
0.0761
0.0763
0.0767
0.0770
0.0778
0.0781
0.0791
0.0799
0.0805
0.0814
0.0810
0.0820
0.0826
0.0835
0.0833
0.0851
0.0845
0.0855
0.0860
0.0862
0.0868
0.0878
0.0895
0.0900
0.0897
0.0897
0.0900
0.0906
0.0921
0.0921
0.0935
0.0951
0.0950
0.0951
0.0964
0.0963
0.0972
0.0976
0.0983
0.0998
0.0999
0.0997
0.1011
0.1017
0.1016
0.1032
0.1037
0.1046
0.1044
0.1051
0.1065
0.1073
0.1079
0.1083
0.1081
0.1092
0.1098
0.1104
0.1118
0.1130
0.1138
0.1135
0.1150
0.1144
0.1160
0.1164
0.1177
0.1174
0.1182
0.1188
0.1200
0.1202
0.1206
0.1215
0.1227
0.1224
0.1233
0.1243
0.1247
0.1255
0.1261
0.1269
0.1269
0.1281
0.1287
0.1292
0.1303
0.1307
0.1312
0.1326
0.1330
0.1327
0.1330
0.1345
0.1355
0.1352
0.1359
0.1367
0.1375
0.1378
0.1378
0.1396
0.1395
0.1398
0.1408
0.1414
0.1417
0.1425
0.1427
0.1432
0.1433
0.1443
0.1452
0.1451
0.1453
0.1459
0.1457
0.1467
0.1468
0.1476
0.1481
0.1487
0.1488
0.1489
0.1483
0.1488
0.1494
0.1509
0.1517
0.1515
0.1509
0.1515
0.1517
0.1515
0.1513
0.1522
0.1523
0.1528
0.1529
0.1529
0.1539
0.1539
0.1547
0.1545
0.1543
0.1548
0.1550
0.1551
0.1551
0.1554
0.1555
0.1550
0.1555
0.1570
0.1586
0.1580
0.1570
0.1572
0.1574
0.1579
0.1582
0.1594
0.1594
0.1585
0.1594
0.1598
0.1599
0.1600
0.1605
0.1606
0.1606
0.1605
0.1602
0.1607
0.1610
0.1612
0.1616
0.1614
0.1623
0.1625
0.1621
0.1624
0.1623
0.1622
0.1620
0.1619
0.1629
0.1632
0.1630
0.1627
0.1631
0.1630
0.1639
0.1631
0.1629
0.1637
0.1633
0.1633
0.1623
0.1625
0.1628
0.1623
0.1634
0.1629
0.1619
0.1629
0.1615
0.1614
0.1604
0.1605
0.1595
0.1589
0.1580
0.1578
0.1572
0.1566
0.1553
0.1546
0.1543
0.1532
0.1528
0.1526
0.1516
0.1510
0.1513
0.1508
0.1500
0.1498
0.1496
0.1497
0.1472
0.1475
0.1467
0.1463
0.1458
0.1453
0.1446
0.1447
0.1440
0.1435
0.1427
0.1424
0.1416
0.1415
0.1404
0.1397
0.1397
0.1398
0.1397
0.1390
0.1375
0.1380
0.1379
0.1368
0.1360
0.1369
0.1352
0.1338
0.1331
0.1320
0.1319
0.1330
0.1320
0.1297
0.1309
0.1305
0.1317
0.1290
0.1290
0.1288
0.1285
0.1265
0.1263
0.1265
0.1256
0.1260
0.1248
0.1232
0.1238
0.1227
0.1215
0.1212
0.1199
0.1184
0.1201
0.1197
0.1191
0.1178
0.1169
0.1170
0.1168
0.1149
0.1145
0.1149
0.1150
0.1133
0.1127
0.1123
0.1119
0.1119
0.1113
0.1098
0.1103
0.1100
0.1086
0.1088
0.1071
0.1070
0.1067
0.1056
0.1044
0.1030
0.1029
0.1028
0.1011
0.1015
0.1022
0.1002
0.0991
0.1003
0.1014
0.1009
0.1005
0.0975
0.0993
0.0972
0.0973
0.0959
0.0954
0.0943
0.0948
0.0954
0.0932
0.0929
0.0916
0.0911
0.0921
0.0917
0.0908
0.0898
0.0898
0.0885
0.0897
0.0885
0.0872
0.0873
0.0868
0.0846
0.0848
0.0866
0.0833
0.0843
0.0831
0.0835
0.0835
0.0817
0.0816
0.0814
0.0804
0.0799
0.0784
0.0775
0.0790
0.0785
0.0765
0.0754
0.0750
0.0752
0.0773
0.0747
0.0727
0.0728
0.0738
0.0740
0.0735
0.0724
0.0724
0.0716
0.0699
0.0704
0.0714
0.0693
0.0689
0.0685
0.0690
0.0658
0.0668
0.0655
0.0654
0.0651
0.0672
0.0650
0.0651
0.0664
0.0655
0.0630
0.0630
0.0623
0.0620
0.0610
0.0598
0.0587
0.0581
0.0583
0.0601
0.0600
0.0568
0.0576
0.0603
0.0570
0.0582
0.0568
0.0563
0.0580
0.0583
0.0557
0.0538
0.0522
0.0529
0.0542
0.0509
0.0546
0.0539
0.0526
0.0533
0.0515
0.0490
0.0493
0.0491
0.0485
0.0492
0.0480
0.0482
0.0492
0.0486
0.0502
0.0482
0.0458
0.0429
0.0429
0.0437
0.0435
0.0439
0.0437
0.0442
0.0445
0.0453
0.0423
0.0441
0.0429
0.0407
0.0457
0.0433
0.0429
0.0399
0.0416
0.0463
0.0418
0.0417
0.0405
0.0422
0.0372
0.0382
0.0407
0.0403
0.0418
0.0404
0.0427
0.0406
0.0422
0.0390
0.0393
0.0395
