0.063645
0.065118
0.065963
0.066512
0.067015
0.067356
0.067385
0.067145
0.066785
0.067223
0.06783
0.068863
0.068339
0.068382
0.068016
0.068063
0.068215
0.068409
0.069423
0.070393
0.071779
0.075047
0.078413
0.084873
0.09361
0.103231
0.114968
0.122515
0.128529
0.131278
0.133991
0.13418
0.132562
0.128577
0.122118
0.116137
0.111129
0.107744
0.104744
0.103995
0.103409
0.101378
0.098823
0.096135
0.093459
0.092272
0.091671
0.091113
0.08866
0.084744
0.08229
0.080648
0.077669
0.074216
0.071487
0.070649
0.070256
0.072558
0.082801
0.101126
0.127846
