0.000196
0.000348
0.00048
0.00071
0.000868
0.000921
0.00097
0.000914
0.001043
0.001185
0.00143
0.00164
0.001825
0.001759
0.001892
0.001866
0.001952
0.002093
0.002478
0.003028
0.003979
0.006193
0.009338
0.015605
0.026488
0.040004
0.056499
0.069664
0.077807
0.08245
0.086329
0.087429
0.085174
0.079008
0.069463
0.060497
0.053978
0.048599
0.045574
0.043363
0.042336
0.040155
0.03708
0.032671
0.029641
0.028145
0.027994
0.026791
0.023573
0.019214
0.015957
0.014347
0.011766
0.008409
0.006479
0.005569
0.005714
0.007834
0.017645
0.043009
0.083887
