8.76 
8.76 
8.76 
8.76 
8.76 
8.76 
8.76 
8.76 
8.76 
8.76 
9.02 
8.74 
8.72 
8.6 
8.44 
8.6 
8.4 
8.16 
8.44 
8.32 
7.7 
7.9 
7.96 
8.02 
8.04 
  8 
7.9 
7.92 
7.84 
7.82 
7.78 
7.7 
7.66 
7.68 
7.7 
7.54 
7.52 
7.6 
7.64 
7.7 
7.7 
7.68 
7.76 
7.72 
7.78 
7.78 
7.8 
7.78 
7.72 
7.66 
7.62 
7.58 
7.5 
7.56 
7.46 
7.38 
7.28 
7.16 
7.24 
7.26 
7.1 
7.02 
6.98 
6.88 
  7 
6.92 
6.78 
6.82 
6.86 
6.98 
6.92 
6.86 
6.72 
6.8 
6.86 
6.88 
6.94 
7.08 
7.06 
7.08 
7.28 
7.42 
7.54 
7.74 
7.82 
8.14 
8.48 
8.72 
8.96 
8.96 
8.94 
9.08 
9.16 
9.14 
9.06 
8.3 
8.18 
7.98 
7.86 
7.74 
7.64 
7.64 
7.6 
7.6 
7.52 
7.44 
7.42 
7.26 
7.06 
7.04 
7.02 
6.94 
6.94 
6.86 
6.88 
6.88 
6.82 
  7 
7.2 
7.38 
7.78 
8.12 
8.42 
8.7 
9.4 
9.48 
9.58 
9.66 
9.92 
10.02 
10.44 
10.88 
12.08 
13.48 
15.52 
17.7 
19.48 
21.06 
21.9 
22.6 
22.66 
22.94 
23.22 
23.24 
23.2 
23.38 
23.24 
23.34 
23.38 
23.18 
22.98 
22.42 
 22 
21.58 
21.12 
20.68 
20.38 
20.22 
20.12 
20.14 
20.06 
19.84 
19.66 
19.6 
19.5 
19.52 
19.44 
19.02 
18.8 
18.32 
17.8 
17.46 
17.02 
16.64 
16.28 
15.92 
15.74 
15.5 
15.64 
15.3 
15.72 
 16 
16.26 
 17 
17.32 
17.62 
18.34 
18.94 
19.58 
20.18 
20.76 
21.5 
22.18 
22.64 
23.42 
23.84 
23.74 
22.74 
21.74 
21.46 
21.36 
21.32 
21.58 
21.34 
 21 
20.48 
20.14 
19.94 
19.84 
19.76 
19.68 
19.34 
19.46 
19.28 
19.1 
18.94 
18.54 
18.4 
17.92 
17.66 
17.24 
17.22 
16.78 
16.72 
16.46 
16.4 
16.44 
16.38 
16.44 
16.58 
17.42 
17.86 
18.08 
18.38 
18.18 
17.82 
17.34 
16.5 
15.86 
15.44 
15.3 
15.14 
15.3 
15.58 
16.06 
16.28 
16.6 
17.06 
17.64 
18.32 
19.42 
20.82 
22.62 
24.88 
27.48 
30.74 
33.98 
37.46 
41.24 
44.7 
48.24 
51.46 
54.14 
56.78 
58.96 
60.96 
62.4 
63.5 
64.42 
65.46 
66.2 
66.42 
66.52 
66.54 
66.32 
65.92 
65.24 
64.32 
63.44 
62.14 
60.72 
59.32 
57.88 
56.42 
55.14 
54.2 
53.26 
52.28 
51.42 
50.48 
49.68 
49.58 
49.16 
49.26 
49.2 
50.48 
52.3 
55.08 
58.9 
63.62 
68.64 
73.06 
76.58 
80.18 
82.5 
 84 
85.18 
86.24 
87.46 
 89 
92.06 
94.62 
96.02 
95.76 
95.76 
95.64 
95.54 
96.46 
97.3 
96.54 
95.96 
95.3 
94.72 
91.8 
91.02 
90.38 
90.42 
90.16 
88.14 
87.92 
85.96 
87.66 
87.6 
87.72 
88.96 
92.54 
93.14 
97.16 
99.26 
105 
111.1 
115.4 
118.2 
124.8 
128.7 
134.7 
132.4 
135.8 
141.5 
137.2 
136.4 
