19.92 
19.92 
19.92 
19.92 
19.92 
19.92 
19.92 
19.92 
19.92 
19.92 
20.08 
19.46 
20.38 
19.74 
19.46 
18.02 
20.18 
19.7 
17.3 
18.22 
16.14 
14.8 
17.54 
17.7 
17.44 
17.74 
17.58 
17.38 
17.26 
17.16 
17.36 
17.6 
17.38 
17.28 
17.54 
16.98 
16.86 
16.3 
16.04 
15.78 
15.92 
15.76 
15.38 
15.42 
15.04 
15.28 
15.1 
14.96 
14.72 
15.44 
15.02 
14.94 
14.54 
14.56 
14.72 
14.78 
15.08 
15.16 
15.56 
15.68 
15.62 
14.98 
15.26 
15.26 
15.14 
15.36 
14.98 
15.08 
14.64 
14.82 
14.56 
14.74 
14.52 
14.5 
14.5 
13.82 
14.06 
14.28 
14.14 
14.02 
14.02 
14.5 
13.74 
14.34 
14.32 
14.54 
14.14 
14.58 
14.44 
13.72 
13.66 
14.12 
13.82 
13.86 
13.88 
13.58 
13.18 
13.08 
13.04 
12.78 
12.76 
12.7 
12.1 
11.86 
12.42 
12.66 
12.38 
12.44 
12.12 
12.64 
12.68 
12.38 
12.52 
12.48 
12.36 
12.3 
12.14 
12.12 
12.56 
12.1 
12.36 
13.06 
12.66 
11.84 
12.32 
12.66 
13.02 
12.7 
13.04 
13.16 
13.1 
13.32 
14.1 
14.14 
13.7 
15.02 
15.4 
15.88 
16.76 
17.76 
17.38 
17.16 
18.32 
18.42 
18.38 
18.84 
19.12 
20.38 
21.48 
22.14 
22.5 
22.82 
22.4 
22.58 
23.14 
22.68 
22.2 
23.04 
22.34 
22.34 
22.42 
21.5 
21.52 
21.96 
22.16 
22.76 
22.62 
22.68 
22.6 
22.2 
22.82 
22.12 
22.14 
21.76 
22.04 
21.9 
22.3 
22.18 
21.28 
21.72 
21.58 
21.74 
21.76 
22.22 
23.44 
23.84 
25.32 
26.78 
28.46 
29.84 
31.44 
32.12 
32.04 
32.98 
33.64 
33.7 
34.58 
33.84 
33.8 
32.98 
32.8 
32.74 
31.86 
32.04 
30.52 
29.56 
 29 
28.78 
27.9 
27.34 
27.12 
26.5 
26.44 
26.48 
26.4 
25.98 
25.64 
25.46 
24.6 
24.18 
24.18 
23.92 
23.44 
24.32 
23.86 
23.58 
24.06 
25.4 
27.22 
29.48 
31.84 
36.82 
41.58 
46.6 
49.44 
53.6 
56.34 
58.6 
58.74 
60.02 
61.52 
61.52 
61.38 
62.54 
61.04 
61.82 
 62 
61.26 
60.12 
60.84 
60.58 
60.24 
59.98 
58.96 
60.94 
61.98 
63.98 
66.94 
71.52 
76.58 
80.64 
84.38 
86.48 
85.46 
83.54 
81.3 
79.2 
79.6 
78.7 
78.86 
79.6 
79.48 
80.4 
81.04 
80.62 
81.96 
83.26 
85.26 
87.3 
91.24 
93.28 
95.56 
97.38 
99.48 
100.8 
101.3 
100.9 
99.08 
98.82 
98.18 
96.64 
96.22 
93.94 
92.56 
89.7 
88.38 
87.08 
87.96 
90.18 
93.54 
98.2 
103.8 
109.3 
115.1 
121.2 
125.4 
128.7 
132.8 
136.6 
138.3 
139.9 
141.5 
140.6 
138.8 
137.4 
136.5 
134.7 
135.6 
135.6 
135.5 
136.8 
134.7 
134.7 
132 
130 
127.8 
128.1 
126.4 
125.4 
126.2 
122.1 
128 
128 
127.6 
127.7 
132.4 
131.7 
135.4 
138.2 
142.4 
151.6 
152.8 
158.4 
160.9 
161.4 
159.8 
155.7 
161.7 
164.5 
161.3 
157.9 
