0.450105
0.450051
0.450337
0.450244
0.450036
0.450427
0.449867
0.450131
0.450351
0.449372
0.449987
0.44999
0.449158
0.449385
0.45062
0.449758
0.450154
0.449766
0.450077
0.449437
0.451852
0.450822
0.450862
0.4503
0.450235
0.450341
0.450383
0.45033
0.449424
0.450508
0.450485
0.449926
0.449471
0.449313
0.450311
0.44908
0.44857
0.447836
0.447497
0.444425
0.444253
0.441562
0.440378
0.439015
0.437942
0.438071
0.438001
0.439286
0.438225
0.43937
0.440299
0.441369
0.442385
0.444269
0.444709
0.445295
0.446231
0.447252
0.44678
0.44789
0.4479
0.44854
0.449307
0.448842
0.448917
0.449461
0.449116
0.44893
0.448951
0.44831
0.448288
0.44773
0.447203
0.448286
0.445334
0.444782
0.44201
0.439565
0.435549
0.432027
0.42834
0.425472
0.423697
0.422403
0.421505
0.420489
0.420258
0.418934
0.417786
0.418042
0.416923
0.418187
0.418216
0.417766
0.417338
0.420133
0.420892
0.421932
0.422427
0.423031
0.424459
0.423454
0.425421
0.424863
0.425038
0.423951
0.424946
0.424057
0.42312
0.422274
0.41964
0.417524
0.416139
0.41318
0.410638
0.406735
0.402597
0.396359
0.388923
0.378914
0.371484
0.363091
0.356073
0.348697
0.341943
0.327743
0.314783
0.303212
0.287866
0.257695
0.23382
0.213744
0.19825
0.187596
0.178328
0.169634
0.163245
0.162261
0.161184
0.161359
0.162809
0.164056
0.166174
0.16813
0.169613
0.173381
0.17933
0.185287
0.192572
0.198204
0.206006
0.213521
0.221596
0.23044
0.235029
0.241883
0.246548
0.252778
0.258035
0.262081
0.266696
0.270827
0.276468
0.279429
0.282059
0.287436
0.290054
0.293381
0.297776
0.300517
0.305237
0.306973
0.309818
0.313931
0.315796
0.318164
0.320751
0.32282
0.324109
0.325041
0.325499
0.326907
0.326744
0.326191
0.327026
0.326478
0.325778
0.324597
0.323404
0.3229
0.321158
0.318148
0.316609
0.314983
0.312442
0.309372
0.307515
0.305539
0.304856
0.302384
0.299779
0.297252
0.294778
0.292367
0.290645
0.287764
0.28682
0.284153
0.282538
0.281856
0.2812
0.280661
0.280887
0.281722
0.281492
0.27912
0.277829
0.275922
0.274662
0.273015
0.272046
0.239213
0.200837
0.173985
0.154078
0.138497
0.127047
0.117104
0.108025
0.100897
0.094435
0.089913
0.08475
0.081481
0.07834
0.075296
0.075669
0.075622
0.076588
0.077327
0.077881
0.078317
0.079532
0.08109
0.08331
0.086381
0.087761
0.091496
0.094163
0.098079
0.102532
0.104103
0.106893
0.10915
0.113406
0.11601
0.11888
0.122369
0.126859
0.129793
0.131524
0.133806
0.136658
0.138864
0.141867
0.145314
0.14888
0.151979
0.15367
0.155406
0.157224
0.159778
0.162472
0.165369
0.167426
0.169871
0.172854
0.173365
0.17514
0.176871
0.179334
0.180144
0.181573
0.183959
0.185766
0.187888
0.188664
0.1907
0.192548
0.19495
0.194417
0.193845
0.192872
0.192496
0.190807
0.190106
0.186882
0.185589
0.182017
0.180448
0.177412
0.17484
0.172225
0.170488
0.168307
0.166762
0.165033
0.162691
0.160829
0.157771
0.156114
0.153811
0.151178
0.150721
0.149378
0.14777
0.145436
0.14287
0.140518
0.13789
0.136631
0.134464
0.132417
0.13064
0.129234
0.127252
0.125915
0.123592
0.121201
0.118756
0.116017
0.113949
0.112309
0.109887
0.107533
0.105781
0.104262
0.101921
0.100279
0.09765
0.09568
0.093371
0.091995
0.088961
0.087675
0.086205
0.085285
0.084085
0.082645
0.0819
0.080829
