1.488 
1.488 
1.488 
1.487 
1.487 
1.487 
1.487 
1.487 
1.486 
1.486 
1.486 
1.486 
1.486 
1.485 
1.485 
1.485 
1.485 
1.485 
1.484 
1.484 
1.484 
1.484 
1.484 
1.483 
1.483 
1.483 
1.483 
1.483 
1.482 
1.482 
1.482 
1.482 
1.481 
1.481 
1.481 
1.481 
1.481 
1.48 
1.48 
1.48 
1.48 
1.48 
1.479 
1.479 
1.479 
1.479 
1.479 
1.478 
1.478 
1.478 
1.478 
1.478 
1.478 
1.478 
1.478 
1.478 
1.478 
1.478 
1.478 
1.478 
1.478 
1.478 
1.478 
1.478 
1.478 
1.478 
1.478 
1.478 
1.478 
1.478 
1.478 
1.478 
1.478 
1.478 
1.478 
1.478 
1.478 
1.478 
1.478 
1.478 
1.478 
1.478 
1.478 
1.478 
1.478 
1.478 
1.478 
1.478 
1.478 
1.478 
1.478 
1.478 
1.478 
1.478 
1.478 
1.478 
1.478 
1.478 
1.478 
1.478 
1.478 
1.478 
1.478 
1.478 
1.478 
1.478 
1.478 
1.478 
1.478 
1.478 
1.478 
1.478 
1.478 
1.478 
1.478 
1.478 
1.478 
1.478 
1.478 
1.478 
1.478 
1.478 
1.478 
1.478 
1.478 
1.478 
1.478 
1.478 
1.478 
1.478 
1.478 
1.478 
1.478 
1.478 
1.478 
1.478 
1.478 
1.478 
1.478 
1.478 
1.478 
1.478 
1.478 
1.478 
1.478 
1.478 
1.478 
1.478 
1.478 
1.478 
1.478 
1.478 
1.478 
1.478 
1.478 
1.478 
1.478 
1.478 
1.478 
1.478 
1.478 
1.478 
1.478 
1.478 
1.478 
1.478 
1.478 
1.478 
1.478 
1.478 
1.478 
1.478 
1.478 
1.478 
1.478 
1.478 
1.478 
1.478 
1.478 
1.478 
1.478 
1.478 
1.478 
1.478 
1.478 
1.478 
1.478 
1.478 
1.478 
1.478 
1.478 
1.478 
1.478 
1.478 
1.478 
1.478 
1.478 
1.478 
1.478 
1.478 
1.478 
1.478 
1.478 
1.478 
1.478 
1.478 
1.478 
1.478 
1.478 
1.478 
1.478 
1.478 
1.478 
1.478 
1.478 
1.478 
1.478 
1.478 
1.478 
1.478 
1.478 
1.478 
1.478 
1.478 
1.478 
1.478 
1.478 
1.478 
1.478 
1.478 
1.478 
1.478 
1.478 
1.478 
1.478 
1.478 
1.478 
1.478 
1.478 
1.478 
1.478 
1.478 
1.478 
1.478 
1.478 
1.478 
1.478 
1.478 
1.478 
1.478 
1.478 
1.478 
1.478 
1.478 
1.478 
1.478 
1.478 
1.478 
1.478 
1.478 
1.478 
1.478 
1.478 
1.478 
1.478 
1.478 
1.478 
1.478 
1.478 
1.478 
1.478 
1.478 
1.478 
1.478 
1.478 
1.478 
1.478 
1.478 
1.478 
1.478 
1.478 
1.478 
1.478 
1.478 
1.478 
1.478 
1.478 
1.478 
1.478 
1.478 
1.478 
1.478 
1.478 
1.478 
1.478 
1.478 
1.478 
1.478 
1.478 
1.478 
1.478 
1.478 
1.478 
1.478 
1.478 
1.478 
1.478 
1.478 
1.478 
1.478 
1.478 
1.478 
1.478 
1.478 
1.478 
1.478 
1.478 
1.478 
1.478 
1.478 
1.478 
1.478 
1.478 
1.478 
1.478 
1.478 
1.478 
1.478 
1.478 
1.478 
1.478 
1.478 
1.478 
1.478 
1.478 
1.478 
1.478 
1.478 
1.478 
1.478 
1.478 
1.478 
1.478 
1.478 
1.478 
1.478 
1.478 
1.478 
1.478 
1.478 
1.478 
