0.494624
0.494393
0.494152
0.494392
0.494611
0.494327
0.494941
0.494464
0.494478
0.495727
0.493614
0.495195
0.495878
0.496283
0.496126
0.495996
0.496161
0.498129
0.495847
0.496866
0.498257
0.497813
0.49746
0.497926
0.497685
0.497777
0.497958
0.497683
0.498683
0.497543
0.498074
0.49866
0.498564
0.498686
0.49657
0.497657
0.497067
0.496718
0.494909
0.494724
0.492314
0.491448
0.488207
0.487204
0.487511
0.486905
0.487198
0.487299
0.48876
0.489586
0.490385
0.491032
0.492531
0.491992
0.493779
0.495176
0.495733
0.496611
0.497643
0.497446
0.498465
0.498487
0.498747
0.499588
0.49919
0.498948
0.500149
0.499675
0.499006
0.498427
0.497795
0.498171
0.498501
0.49544
0.49625
0.493589
0.491812
0.488304
0.484894
0.480221
0.475479
0.474454
0.471453
0.468896
0.468948
0.46773
0.466061
0.465125
0.464837
0.464461
0.466155
0.464525
0.46416
0.465534
0.466347
0.467709
0.468715
0.469522
0.47038
0.472058
0.47095
0.472962
0.472375
0.473195
0.47278
0.473358
0.472034
0.472211
0.470498
0.468342
0.467863
0.465659
0.463018
0.461507
0.457688
0.453131
0.449982
0.44364
0.431326
0.422277
0.410658
0.402451
0.394346
0.386324
0.377678
0.360885
0.346156
0.332592
0.312173
0.274401
0.242708
0.215752
0.194532
0.179383
0.165489
0.152693
0.143311
0.141203
0.139755
0.139693
0.142117
0.145192
0.147438
0.150295
0.152098
0.159365
0.167571
0.175998
0.185243
0.194968
0.204768
0.214902
0.226298
0.237781
0.244686
0.252648
0.260448
0.268183
0.275385
0.280563
0.285477
0.291804
0.297838
0.303275
0.307541
0.310948
0.316346
0.321424
0.325281
0.329572
0.332526
0.337573
0.341857
0.345281
0.347885
0.350438
0.353356
0.355845
0.357554
0.359673
0.359371
0.360725
0.36181
0.361812
0.361224
0.360861
0.359379
0.35887
0.357847
0.355855
0.354087
0.351533
0.34907
0.346179
0.343963
0.34254
0.338359
0.336871
0.334601
0.331387
0.328992
0.325763
0.322056
0.319483
0.316181
0.314877
0.311699
0.309028
0.308072
0.306575
0.305267
0.305603
0.305612
0.305351
0.30492
0.3037
0.301168
0.299142
0.297589
0.295335
0.294291
0.251339
0.199057
0.159822
0.130153
0.106604
0.087649
0.07299
0.058962
0.046815
0.037195
0.030099
0.024396
0.019197
0.015674
0.012836
0.012232
0.012753
0.013775
0.014362
0.015218
0.01626
0.017163
0.019001
0.021874
0.025102
0.028652
0.033019
0.037101
0.042754
0.048537
0.052676
0.056956
0.061123
0.065447
0.071095
0.076277
0.0818
0.087711
0.091693
0.095157
0.099299
0.103433
0.107785
0.112272
0.117088
0.122686
0.127402
0.130527
0.133343
0.136543
0.139977
0.143288
0.14689
0.151424
0.155682
0.158671
0.160355
0.163181
0.164833
0.168085
0.171289
0.172857
0.176046
0.178237
0.181003
0.183407
0.18672
0.187927
0.190996
0.193131
0.190441
0.189703
0.187716
0.186399
0.184128
0.181968
0.178269
0.175252
0.170553
0.166092
0.162331
0.159556
0.156371
0.153834
0.151141
0.148151
0.145391
0.141805
0.139517
0.135381
0.131739
0.128984
0.127085
0.124966
0.122661
0.118932
0.115103
0.110613
0.107375
0.104868
0.101131
0.097687
0.096224
0.092722
0.090274
0.087791
0.083662
0.079412
0.075427
0.072174
0.068014
0.064426
0.061287
0.058559
0.055211
0.051976
0.049671
0.045971
0.042293
0.038832
0.035836
0.033328
0.030677
0.028204
0.02581
0.024524
0.02245
0.020927
0.019917
0.01851
