1.332 ,
1.332 ,
1.332 ,
1.331 ,
1.331 ,
1.331 ,
1.331 ,
1.331 ,
1.331 ,
1.331 ,
1.331 ,
1.331 ,
1.331 ,
1.331 ,
1.33 ,
1.33 ,
1.33 ,
1.33 ,
1.33 ,
1.33 ,
1.33 ,
1.33 ,
1.33 ,
1.33 ,
1.33 ,
1.33 ,
1.33 ,
1.329 ,
1.329 ,
1.329 ,
1.329 ,
1.329 ,
1.329 ,
1.329 ,
1.329 ,
1.329 ,
1.329 ,
1.329 ,
1.329 ,
1.329 ,
1.328 ,
1.328 ,
1.328 ,
1.328 ,
1.328 ,
1.328 ,
1.328 ,
1.328 ,
1.328 ,
1.328 ,
1.328 ,
1.328 ,
1.328 ,
1.328 ,
1.328 ,
1.328 ,
1.328 ,
1.328 ,
1.328 ,
1.328 ,
1.328 ,
1.328 ,
1.328 ,
1.328 ,
1.328 ,
1.328 ,
1.327 ,
1.327 ,
1.327 ,
1.327 ,
1.327 ,
1.327 ,
1.327 ,
1.327 ,
1.327 ,
1.327 ,
1.327 ,
1.326 ,
1.326 ,
1.326 ,
1.326 ,
1.326 ,
1.326 ,
1.326 ,
1.326 ,
1.326 ,
1.326 ,
1.325 ,
1.325 ,
1.325 ,
1.325 ,
1.325 ,
1.325 ,
1.325 ,
1.325 ,
1.325 ,
1.325 ,
1.325 ,
1.325 ,
1.325 ,
1.325 ,
1.325 ,
1.324 ,
1.324 ,
1.324 ,
1.324 ,
1.324 ,
1.324 ,
1.324 ,
1.324 ,
1.324 ,
1.324 ,
1.324 ,
1.324 ,
1.324 ,
1.323 ,
1.323 ,
1.323 ,
1.323 ,
1.323 ,
1.323 ,
1.323 ,
1.323 ,
1.323 ,
1.323 ,
1.323 ,
1.322 ,
1.322 ,
1.322 ,
1.322 ,
1.322 ,
1.322 ,
1.322 ,
1.322 ,
1.321 ,
1.321 ,
1.321 ,
1.321 ,
1.321 ,
1.321 ,
1.321 ,
1.321 ,
1.321 ,
1.321 ,
1.321 ,
1.321 ,
1.321 ,
1.32 ,
1.32 ,
1.32 ,
1.32 ,
1.32 ,
1.32 ,
1.32 ,
1.32 ,
1.32 ,
1.319 ,
1.319 ,
1.319 ,
1.319 ,
1.319 ,
1.319 ,
1.319 ,
1.319 ,
1.319 ,
1.319 ,
1.318 ,
1.318 ,
1.318 ,
1.318 ,
1.318 ,
1.318 ,
1.318 ,
1.318 ,
1.318 ,
1.318 ,
1.317 ,
1.317 ,
1.317 ,
1.317 ,
1.317 ,
1.316 ,
1.316 ,
1.316 ,
1.316 ,
1.316 ,
1.316 ,
1.315 ,
1.315 ,
1.315 ,
1.315 ,
1.315 ,
1.314 ,
1.314 ,
1.314 ,
1.314 ,
1.314 ,
1.314 ,
1.314 ,
1.314 ,
1.314 ,
1.314 ,
1.314 ,
1.314 ,
1.313 ,
1.313 ,
1.313 ,
1.313 ,
1.313 ,
1.312 ,
1.312 ,
1.312 ,
1.312 ,
1.312 ,
1.312 ,
1.312 ,
1.312 ,
1.312 ,
1.311 ,
1.311 ,
1.311 ,
1.311 ,
1.311 ,
1.311 ,
1.31 ,
1.31 ,
1.31 ,
1.31 ,
1.31 ,
1.31 ,
1.31 ,
1.31 ,
1.309 ,
1.309 ,
1.309 ,
1.309 ,
1.309 ,
1.309 ,
1.308 ,
1.308 ,
1.308 ,
1.307 ,
1.307 ,
1.307 ,
1.307 ,
1.307 ,
1.307 ,
1.306 ,
1.306 ,
1.306 ,
1.306 ,
1.306 ,
1.306 ,
1.306 ,
1.306 ,
1.305 ,
1.305 ,
1.305 ,
1.305 ,
1.305 ,
1.305 ,
1.304 ,
1.304 ,
1.304 ,
1.304 ,
1.303 ,
1.303 ,
1.303 ,
1.303 ,
1.302 ,
1.302 ,
1.302 ,
1.302 ,
1.302 ,
1.301 ,
1.301 ,
1.301 ,
1.301 ,
1.3 ,
1.3 ,
1.299 ,
1.299 ,
1.299 ,
1.298 ,
1.298 ,
1.298 ,
1.297 ,
1.297 ,
1.297 ,
1.296 ,
1.296 ,
1.296 ,
1.295 ,
1.295 ,
1.295 ,
1.294 ,
1.294 ,
1.294 ,
1.293 ,
1.293 ,
1.293 ,
1.292 ,
1.292 ,
1.292 ,
1.291 ,
1.291 ,
1.29 ,
1.29 ,
1.289 ,
1.289 ,
1.288 ,
1.287 ,
1.287 ,
1.286 ,
1.286 ,
1.285 ,
1.285 ,
1.284 ,
1.284 ,
1.284 ,
1.283 ,
1.283 ,
1.283 ,
1.282 ,
1.282 ,
1.281 ,
1.281 ,
1.281 ,
1.28 ,
1.28 ,
1.279 ,
1.279 ,
1.279 ,
1.278 ,
1.278 ,
1.277 ,
1.277 ,
1.276 ,
1.276 ,
1.275 ,
1.275 ,
1.274 ,
1.273 ,
1.273 ,
1.272 ,
1.271 ,
1.271 ,
1.27 ,
1.269 ,
1.269 ,
1.268 ,

